row_names	input	filtered	denoisedF	denoisedR	merged	merged.1	nochimeras	percent_singletons	percent_chimeras	percent_retained_of_total
12S-NegPCR1-Vector_S96_L001_R1_001.fastq.gz	1812	1314	1250	1111	320	320	320	0	0	17.6600441501104
12S-NegPCR2-Vector_S140_L001_R1_001.fastq.gz	216	161	135	119	108	108	108	0	0	50
GDS001-Pacific_S1_L001_R1_001.fastq.gz	41906	34744	34119	33260	29481	29481	28319	0	3.94152165801704	67.5774352121415
GDS002-Pacific_S2_L001_R1_001.fastq.gz	21274	18640	18514	18019	7644	7644	7644	0	0	35.9311836043997
GDS003-Pacific_S3_L001_R1_001.fastq.gz	77897	71431	71357	71004	69336	69336	66204	0	4.51713395638629	84.9891523421955
GDS004-Pacific_S4_L001_R1_001.fastq.gz	1596	983	899	750	685	685	685	0	0	42.9197994987469
GDS005-Pacific_S5_L001_R1_001.fastq.gz	153682	147814	147427	144789	143783	143783	139424	0	3.03165186426769	90.7224008016554
GDS006-Pacific_S6_L001_R1_001.fastq.gz	276798	265526	264790	260855	259049	259049	255772	0	1.26501163872473	92.4038468486044
GDS007-Pacific_S7_L001_R1_001.fastq.gz	828	498	453	377	360	360	360	0	0	43.4782608695652
GDS008-Pacific_S8_L001_R1_001.fastq.gz	83273	78066	77963	77664	76898	76898	72596	0	5.59442378215297	87.1783171015815
GDS009-Pacific_S9_L001_R1_001.fastq.gz	229198	207732	206206	198820	53391	53391	52964	0	0.799760259219724	23.1084040872957
GDS010-Pacific_S10_L001_R1_001.fastq.gz	49334	45165	44778	43599	20315	20315	20315	0	0	41.1784975878704
GDS011-Pacific_S11_L001_R1_001.fastq.gz	499	286	252	167	130	130	130	0	0	26.0521042084168
GDS012-Pacific_S12_L001_R1_001.fastq.gz	271747	262968	262535	259741	256780	256780	251788	0	1.94407664148298	92.6553007024917
GDS013-Pacific_S13_L001_R1_001.fastq.gz	127262	120130	119822	116681	110679	110679	105389	0	4.7795878170204	82.8126227782056
GDS014-Pacific_S14_L001_R1_001.fastq.gz	108386	98370	98068	96115	88702	88702	82213	0	7.31550585105184	75.8520473123835
GDS015-Pacific_S15_L001_R1_001.fastq.gz	706	430	382	321	301	301	301	0	0	42.6345609065156
GDS016-Pacific_S16_L001_R1_001.fastq.gz	115968	108855	108675	106913	104400	104400	102109	0	2.19444444444444	88.0492894591611
GDS017-Pacific_S17_L001_R1_001.fastq.gz	229576	209301	207833	195679	58401	58401	58289	0	0.19177753805586	25.3898491131477
GDS018-Pacific_S18_L001_R1_001.fastq.gz	257582	248652	248263	246848	245004	245004	243956	0	0.427748118398057	94.7100340862327
GDS019-Pacific_S19_L001_R1_001.fastq.gz	427	249	221	163	124	124	124	0	0	29.03981264637
GDS020-Pacific_S20_L001_R1_001.fastq.gz	1859	1436	1289	1207	1109	1109	1109	0	0	59.6557288864981
GDS021-Pacific_S21_L001_R1_001.fastq.gz	60223	55841	55784	55540	50852	50852	47776	0	6.04892629591757	79.3318167477542
GDS022-Pacific_S22_L001_R1_001.fastq.gz	9670	7969	7886	7713	212	212	212	0	0	2.1923474663909
GDS023-Pacific_S23_L001_R1_001.fastq.gz	470	296	234	217	182	182	182	0	0	38.7234042553192
GDS024-Pacific_S24_L001_R1_001.fastq.gz	244220	236321	234673	233094	228594	228594	224873	0	1.62777675704524	92.0780443862092
GDS025-Pacific_S25_L001_R1_001.fastq.gz	117136	105751	104795	102411	66627	66627	65849	0	1.16769477839314	56.2158516596093
GDS026-Pacific_S26_L001_R1_001.fastq.gz	19316	17081	16953	16704	16626	16626	16028	0	3.59677613376638	82.9778422033547
GDS027-Pacific_S27_L001_R1_001.fastq.gz	139352	132444	131956	130786	123487	123487	117740	0	4.6539311830395	84.4910729663012
GDS028-Pacific_S28_L001_R1_001.fastq.gz	3230	2619	2519	2368	2267	2267	2142	0	5.51389501543891	66.3157894736842
GDS029-Pacific_S29_L001_R1_001.fastq.gz	274228	266639	266041	263496	261674	261674	257978	0	1.4124444920015	94.0742739618128
GDS030-Pacific_S30_L001_R1_001.fastq.gz	1282	727	635	540	462	462	462	0	0	36.0374414976599
GDS031-Pacific_S31_L001_R1_001.fastq.gz	879	534	469	390	349	349	349	0	0	39.7042093287827
GDS032-Pacific_S32_L001_R1_001.fastq.gz	130809	122911	122264	119402	114684	114684	109946	0	4.13135223745248	84.0507916121979
GDS033-Pacific_S33_L001_R1_001.fastq.gz	173019	162787	162340	159696	158610	158610	153184	0	3.42096967404325	88.5359411394124
GDS034-Pacific_S34_L001_R1_001.fastq.gz	202141	192864	191637	187939	185275	185275	179571	0	3.07866684657941	88.8345263949421
GDS035-Pacific_S35_L001_R1_001.fastq.gz	462	273	228	163	148	148	148	0	0	32.034632034632
GDS036-Pacific_S36_L001_R1_001.fastq.gz	101296	94727	94593	94196	92857	92857	87779	0	5.46862379788277	86.655939030169
GDS037-Pacific_S37_L001_R1_001.fastq.gz	908	641	620	497	460	460	460	0	0	50.6607929515419
GDS038-Pacific_S38_L001_R1_001.fastq.gz	950	607	540	445	405	405	405	0	0	42.6315789473684
GDS039-Pacific_S39_L001_R1_001.fastq.gz	269837	260825	260407	257743	256987	256987	253339	0	1.41952705778891	93.8859385480864
GDS040-Pacific_S40_L001_R1_001.fastq.gz	122322	115367	114772	112251	106720	106720	103876	0	2.66491754122939	84.920128840274
GDS041-Pacific_S41_L001_R1_001.fastq.gz	261442	252424	251836	249474	243840	243840	239443	0	1.80323162729658	91.585514186703
GDS042-Pacific_S42_L001_R1_001.fastq.gz	36035	34023	33959	33823	33745	33745	31868	0	5.56230552674471	88.4362425419731
GDS043-Pacific_S43_L001_R1_001.fastq.gz	122116	117113	116977	114899	113177	113177	107878	0	4.68204670560273	88.3405941891317
GDS044-Pacific_S44_L001_R1_001.fastq.gz	281231	272373	271301	266020	259126	259126	257841	0	0.495897748585634	91.6829936955741
GDS045-Pacific_S45_L001_R1_001.fastq.gz	250	164	148	120	102	102	102	0	0	40.8
GDS046-Pacific_S46_L001_R1_001.fastq.gz	14721	13738	13678	13532	13061	13061	12500	0	4.2952300742669	84.912709734393
GDS047-Pacific_S47_L001_R1_001.fastq.gz	9912	9502	9458	9406	8854	8854	8854	0	0	89.3260694108152
GDS048-Pacific_S48_L001_R1_001.fastq.gz	322	254	216	172	159	159	159	0	0	49.3788819875776
GDS049-Pacific_S49_L001_R1_001.fastq.gz	100914	94247	94013	93167	88400	88400	76429	0	13.5418552036199	75.7367659591335
GDS050-Pacific_S50_L001_R1_001.fastq.gz	109379	102411	102169	101132	99695	99695	77550	0	22.2127488840965	70.9002642189086
GDS051-Pacific_S51_L001_R1_001.fastq.gz	118850	113669	113505	112029	109876	109876	85786	0	21.9247151334231	72.1800588977703
GDS052-Pacific_S52_L001_R1_001.fastq.gz	518	359	318	254	241	241	241	0	0	46.5250965250965
GDS053-Pacific_S53_L001_R1_001.fastq.gz	268	181	155	119	104	104	104	0	0	38.8059701492537
GDS054-Pacific_S54_L001_R1_001.fastq.gz	155839	147427	146616	144147	141871	141871	133148	0	6.14854339505607	85.4394599554669
GDS055-Pacific_S55_L001_R1_001.fastq.gz	151077	145118	144794	143185	141225	141225	136981	0	3.00513365197381	90.6696585185038
GDS056-Pacific_S56_L001_R1_001.fastq.gz	81810	77108	77033	76762	75076	75076	71458	0	4.81911662848313	87.346290184574
GDS057-Pacific_S57_L001_R1_001.fastq.gz	211494	202278	201857	198668	181765	181765	176317	0	2.99727670343576	83.3673768522984
GDS058-Pacific_S58_L001_R1_001.fastq.gz	105900	97173	97090	96736	87803	87803	84415	0	3.85863808753687	79.7119924457035
GDS059-Pacific_S59_L001_R1_001.fastq.gz	64760	60126	59978	59003	48627	48627	46228	0	4.93347317333992	71.3835701050031
GDS060-Pacific_S60_L001_R1_001.fastq.gz	2380	2115	2090	2012	1928	1928	1928	0	0	81.0084033613445
GDS061-Pacific_S61_L001_R1_001.fastq.gz	114590	109712	109672	109334	103659	103659	97914	0	5.54221051717651	85.4472467056462
GDS062-Pacific_S62_L001_R1_001.fastq.gz	103023	96713	96568	96088	93647	93647	76001	0	18.8431022883808	73.7709055259505
GDS063-Pacific_S63_L001_R1_001.fastq.gz	146466	139817	139368	136789	133860	133860	126961	0	5.15389212610189	86.6829161716712
GDS064-Pacific_S64_L001_R1_001.fastq.gz	17134	16135	16090	16012	14833	14833	13843	0	6.67430728780421	80.7925761643516
GDS065-Pacific_S65_L001_R1_001.fastq.gz	3827	3030	2891	2592	434	434	434	0	0	11.3404755683303
GDS066-Pacific_S66_L001_R1_001.fastq.gz	87193	79240	79148	78871	72095	72095	69593	0	3.47042097232818	79.8148933974058
GDS067-Pacific_S67_L001_R1_001.fastq.gz	176586	167672	166550	162548	100822	100822	89925	0	10.8081569498721	50.9241955760932
GDS068-Pacific_S68_L001_R1_001.fastq.gz	143186	136113	135719	133306	131577	131577	127053	0	3.43829088670512	88.7328370092048
GDS069-Pacific_S69_L001_R1_001.fastq.gz	120033	114263	113954	111972	108928	108928	87581	0	19.5973487074031	72.9641015387435
GDS070-Pacific_S70_L001_R1_001.fastq.gz	95183	88518	88231	88087	85369	85369	81392	0	4.65859972589581	85.5110681529265
GDS071-Pacific_S71_L001_R1_001.fastq.gz	114764	109190	108648	107906	105685	105685	100255	0	5.13790982637083	87.357533721376
GDS072-Pacific_S72_L001_R1_001.fastq.gz	90892	85487	85209	82876	80728	80728	77766	0	3.66911108908928	85.5586850327862
GDS073-Pacific_S73_L001_R1_001.fastq.gz	117323	107495	107144	104793	94943	94943	90431	0	4.75232507925809	77.078663177723
GDS074-Pacific_S74_L001_R1_001.fastq.gz	100430	94090	93991	93683	93370	93370	88816	0	4.8773696047981	88.4357263765807
GDS075-Pacific_S75_L001_R1_001.fastq.gz	204	121	86	65	49	49	49	0	0	24.0196078431373
GDS076-Pacific_S76_L001_R1_001.fastq.gz	104073	97079	96955	95906	92851	92851	87481	0	5.78345952116833	84.0573443640522
GDS077-Pacific_S77_L001_R1_001.fastq.gz	89569	85455	85408	85256	83260	83260	77725	0	6.64785010809513	86.7766749656689
GDS078-Pacific_S78_L001_R1_001.fastq.gz	96320	90192	90084	89681	89513	89513	83905	0	6.26501178599756	87.1106727574751
GDS079-Pacific_S79_L001_R1_001.fastq.gz	108281	102175	101969	100299	97328	97328	88542	0	9.02720697024495	81.7705784024898
GDS080-Pacific_S80_L001_R1_001.fastq.gz	310	162	141	116	106	106	106	0	0	34.1935483870968
GDS081-Pacific_S81_L001_R1_001.fastq.gz	103763	96824	96668	96144	93201	93201	91681	0	1.63088378880055	88.3561577826393
GDS082-Pacific_S82_L001_R1_001.fastq.gz	115523	108288	107804	107734	104637	104637	97697	0	6.63245314754819	84.569306545017
GDS083-Pacific_S83_L001_R1_001.fastq.gz	160033	154259	153766	151030	147894	147894	142580	0	3.59311398704477	89.0941243368555
GDS084-Pacific_S84_L001_R1_001.fastq.gz	83910	77501	77365	76754	73907	73907	70457	0	4.66802873882041	83.9673459659159
GDS085-Pacific_S85_L001_R1_001.fastq.gz	93421	88891	88740	87959	86356	86356	79029	0	8.48464495808049	84.5944701940677
GDS086-Pacific_S86_L001_R1_001.fastq.gz	99997	93782	93566	91723	89352	89352	83913	0	6.08716089175397	83.915517465524
GDS087-Pacific_S87_L001_R1_001.fastq.gz	101599	95727	95568	95130	93946	93946	85879	0	8.58684776360889	84.5274067658146
GDS088-Pacific_S88_L001_R1_001.fastq.gz	83518	78636	78557	78277	76119	76119	62755	0	17.5567203983237	75.1394908881918
GDS089-Pacific_S89_L001_R1_001.fastq.gz	168647	158056	157491	155616	149589	149589	136905	0	8.47923309869041	81.1784378020362
GDS090-Pacific_S90_L001_R1_001.fastq.gz	1258	642	575	504	479	479	479	0	0	38.0763116057234
GDS091-Pacific_S91_L001_R1_001.fastq.gz	208147	199630	198897	194219	184834	184834	177207	0	4.12640531503943	85.1355051958472
GDS092-Pacific_S92_L001_R1_001.fastq.gz	197517	185182	184243	179347	138935	138935	131747	0	5.17364235073956	66.7016003685759
GDS093-Pacific_S93_L001_R1_001.fastq.gz	215849	207000	206604	202053	200245	200245	182763	0	8.7303053759145	84.6716917845346
GDS094-Pacific_S94_L001_R1_001.fastq.gz	134569	126184	126018	125201	122807	122807	117310	0	4.4761292108756	87.1746093082359
GDS095-Pacific_S95_L001_R1_001.fastq.gz	131330	123203	122918	121920	119469	119469	114298	0	4.3283194803673	87.0311429224092
GDS096-Pacific_S97_L001_R1_001.fastq.gz	155758	146956	146609	145095	139777	139777	133435	0	4.5372271546821	85.6681518766291
GDS097-Pacific_S98_L001_R1_001.fastq.gz	678	351	326	244	231	231	231	0	0	34.070796460177
GDS098-Pacific_S99_L001_R1_001.fastq.gz	144310	134752	134461	132528	128680	128680	116014	0	9.84302144855455	80.3922112119742
GDS099-Pacific_S100_L001_R1_001.fastq.gz	111093	105182	105009	104447	102966	102966	96145	0	6.62451683079853	86.5446067709037
GDS100-Pacific_S101_L001_R1_001.fastq.gz	135944	128834	128145	126372	123153	123153	117471	0	4.61377311149546	86.4113164244101
GDS101-Pacific_S102_L001_R1_001.fastq.gz	107772	102382	102135	101971	99267	99267	88829	0	10.5150755034402	82.423078350592
GDS102-Pacific_S103_L001_R1_001.fastq.gz	114757	109451	109259	107492	107016	107016	101262	0	5.37676609105181	88.2403687792466
GDS103-Pacific_S104_L001_R1_001.fastq.gz	130759	123189	122902	120752	116840	116840	111925	0	4.20660732625812	85.5964025420812
GDS104-Pacific_S105_L001_R1_001.fastq.gz	518	320	275	238	210	210	210	0	0	40.5405405405405
GDS105-Pacific_S106_L001_R1_001.fastq.gz	148696	140409	139957	136331	132494	132494	128273	0	3.18580464021012	86.2652660461613
GDS106-Pacific_S107_L001_R1_001.fastq.gz	289230	276518	275955	270899	265979	265979	255384	0	3.98339718549209	88.2978944092936
GDS107-Pacific_S108_L001_R1_001.fastq.gz	210948	203430	203068	198658	196718	196718	176007	0	10.5282688925264	83.4362022868195
GDS108-Pacific_S109_L001_R1_001.fastq.gz	123933	117830	117607	115430	112864	112864	108169	0	4.15987383045081	87.2802239919957
GDS109-Pacific_S110_L001_R1_001.fastq.gz	123570	118303	117971	116650	113886	113886	109115	0	4.18927699629454	88.3021769037792
GDS110-Pacific_S111_L001_R1_001.fastq.gz	135413	129400	129167	127171	123590	123590	113431	0	8.21992070555871	83.7666989136937
GDS111-Pacific_S112_L001_R1_001.fastq.gz	300	171	148	112	105	105	105	0	0	35
GDS112-Pacific_S113_L001_R1_001.fastq.gz	172622	165913	165516	161979	158915	158915	157553	0	0.857061951357636	91.2705217179734
GDS113-Pacific_S114_L001_R1_001.fastq.gz	179814	171851	171492	169366	167955	167955	158071	0	5.88490964841773	87.9080605514587
GDS114-Pacific_S115_L001_R1_001.fastq.gz	272889	265705	264979	259867	256083	256083	255214	0	0.339343103603127	93.5230075232054
GDS115-Pacific_S116_L001_R1_001.fastq.gz	161788	155728	155534	154693	152824	152824	149084	0	2.44725959273413	92.1477489059757
GDS116-Pacific_S117_L001_R1_001.fastq.gz	1437	1315	1294	1230	1213	1213	1186	0	2.22588623248146	82.5330549756437
GDS117-Pacific_S118_L001_R1_001.fastq.gz	35703	34619	34598	34519	34484	34484	34349	0	0.391485906507356	96.2076016021063
GDS118-Pacific_S119_L001_R1_001.fastq.gz	222	162	151	130	120	120	120	0	0	54.0540540540541
GDS119-Pacific_S120_L001_R1_001.fastq.gz	140564	133267	132618	129690	127717	127717	125394	0	1.81886514716129	89.2077630118665
GDS120-Pacific_S121_L001_R1_001.fastq.gz	311935	301494	300924	298165	277064	277064	272041	0	1.81293852683856	87.2107971211951
GDS121-Pacific_S122_L001_R1_001.fastq.gz	28139	26462	26372	25502	25430	25430	23156	0	8.94219425874951	82.2914815736167
GDS122-Pacific_S123_L001_R1_001.fastq.gz	260911	252874	252256	249373	245336	245336	239991	0	2.17864479733916	91.9819402018313
GDS123-Pacific_S124_L001_R1_001.fastq.gz	210851	204783	204444	202462	201257	201257	197133	0	2.04912127280045	93.4939839033251
GDS124-Pacific_S125_L001_R1_001.fastq.gz	254404	246190	245875	242544	241164	241164	239953	0	0.502147915941023	94.3196647851449
GDS125-Pacific_S126_L001_R1_001.fastq.gz	468	330	315	279	266	266	266	0	0	56.8376068376068
GDS126-Pacific_S127_L001_R1_001.fastq.gz	239668	232508	232202	229703	226499	226499	219959	0	2.88742996657821	91.7765408815528
GDS127-Pacific_S128_L001_R1_001.fastq.gz	191969	183951	183482	180406	178208	178208	152345	0	14.5128164841085	79.3591673655642
GDS128-Pacific_S129_L001_R1_001.fastq.gz	183864	176666	175882	172931	170350	170350	148455	0	12.8529498092163	80.7417438976635
GDS129-Pacific_S130_L001_R1_001.fastq.gz	134282	126113	125634	123435	120192	120192	115589	0	3.82970580404685	86.0792958103096
GDS130-Pacific_S131_L001_R1_001.fastq.gz	202172	194027	193346	189298	186644	186644	183562	0	1.65127194016416	90.7949666620501
GDS131-Pacific_S132_L001_R1_001.fastq.gz	101248	94560	94287	92689	91703	91703	88273	0	3.74033564877921	87.1849320480405
GDS132-Pacific_S133_L001_R1_001.fastq.gz	419	279	239	174	145	145	145	0	0	34.6062052505967
GDSXN-pacific-001_S134_L001_R1_001.fastq.gz	14577	13392	13354	13280	12286	12286	11850	0	3.54875468012372	81.2924470055567
GDSXN-pacific-002_S135_L001_R1_001.fastq.gz	241	168	162	110	102	102	102	0	0	42.3236514522822
GDSXN-pacific-003_S136_L001_R1_001.fastq.gz	262	170	129	96	88	88	88	0	0	33.587786259542
GDSXN-pacific-004_S137_L001_R1_001.fastq.gz	1010	927	901	882	877	877	877	0	0	86.8316831683168
GDSXN-pacific-005_S138_L001_R1_001.fastq.gz	259	157	139	130	118	118	118	0	0	45.5598455598456
GDSXN-pacific-006_S139_L001_R1_001.fastq.gz	284	211	193	145	136	136	136	0	0	47.887323943662
