reads.in	reads.out	percentage_retained
12S-NegPCR1-Vector_S96_L001_R1_001.fastq.gz	1812	1314	72.5165562913907
12S-NegPCR2-Vector_S140_L001_R1_001.fastq.gz	216	161	74.537037037037
GDS001-Pacific_S1_L001_R1_001.fastq.gz	41906	34744	82.9093685868372
GDS002-Pacific_S2_L001_R1_001.fastq.gz	21274	18640	87.6186894801166
GDS003-Pacific_S3_L001_R1_001.fastq.gz	77897	71431	91.6992952231793
GDS004-Pacific_S4_L001_R1_001.fastq.gz	1596	983	61.5914786967419
GDS005-Pacific_S5_L001_R1_001.fastq.gz	153682	147814	96.1817259015369
GDS006-Pacific_S6_L001_R1_001.fastq.gz	276798	265526	95.9277162407243
GDS007-Pacific_S7_L001_R1_001.fastq.gz	828	498	60.1449275362319
GDS008-Pacific_S8_L001_R1_001.fastq.gz	83273	78066	93.7470728807657
GDS009-Pacific_S9_L001_R1_001.fastq.gz	229198	207732	90.6342987286102
GDS010-Pacific_S10_L001_R1_001.fastq.gz	49334	45165	91.5494385211011
GDS011-Pacific_S11_L001_R1_001.fastq.gz	499	286	57.314629258517
GDS012-Pacific_S12_L001_R1_001.fastq.gz	271747	262968	96.7694215575517
GDS013-Pacific_S13_L001_R1_001.fastq.gz	127262	120130	94.3958133614119
GDS014-Pacific_S14_L001_R1_001.fastq.gz	108386	98370	90.7589541084642
GDS015-Pacific_S15_L001_R1_001.fastq.gz	706	430	60.9065155807365
GDS016-Pacific_S16_L001_R1_001.fastq.gz	115968	108855	93.8664114238411
GDS017-Pacific_S17_L001_R1_001.fastq.gz	229576	209301	91.1685019340001
GDS018-Pacific_S18_L001_R1_001.fastq.gz	257582	248652	96.5331428438323
GDS019-Pacific_S19_L001_R1_001.fastq.gz	427	249	58.3138173302108
GDS020-Pacific_S20_L001_R1_001.fastq.gz	1859	1436	77.2458310919849
GDS021-Pacific_S21_L001_R1_001.fastq.gz	60223	55841	92.7237102103847
GDS022-Pacific_S22_L001_R1_001.fastq.gz	9670	7969	82.4095139607032
GDS023-Pacific_S23_L001_R1_001.fastq.gz	470	296	62.9787234042553
GDS024-Pacific_S24_L001_R1_001.fastq.gz	244220	236321	96.765621161248
GDS025-Pacific_S25_L001_R1_001.fastq.gz	117136	105751	90.2805286163093
GDS026-Pacific_S26_L001_R1_001.fastq.gz	19316	17081	88.4292814247256
GDS027-Pacific_S27_L001_R1_001.fastq.gz	139352	132444	95.0427693897468
GDS028-Pacific_S28_L001_R1_001.fastq.gz	3230	2619	81.0835913312693
GDS029-Pacific_S29_L001_R1_001.fastq.gz	274228	266639	97.2325947751506
GDS030-Pacific_S30_L001_R1_001.fastq.gz	1282	727	56.7082683307332
GDS031-Pacific_S31_L001_R1_001.fastq.gz	879	534	60.7508532423208
GDS032-Pacific_S32_L001_R1_001.fastq.gz	130809	122911	93.9621891460068
GDS033-Pacific_S33_L001_R1_001.fastq.gz	173019	162787	94.0861986255845
GDS034-Pacific_S34_L001_R1_001.fastq.gz	202141	192864	95.4106292142613
GDS035-Pacific_S35_L001_R1_001.fastq.gz	462	273	59.0909090909091
GDS036-Pacific_S36_L001_R1_001.fastq.gz	101296	94727	93.515045016585
GDS037-Pacific_S37_L001_R1_001.fastq.gz	908	641	70.5947136563877
GDS038-Pacific_S38_L001_R1_001.fastq.gz	950	607	63.8947368421053
GDS039-Pacific_S39_L001_R1_001.fastq.gz	269837	260825	96.6602059762004
GDS040-Pacific_S40_L001_R1_001.fastq.gz	122322	115367	94.3141871454031
GDS041-Pacific_S41_L001_R1_001.fastq.gz	261442	252424	96.5506689820304
GDS042-Pacific_S42_L001_R1_001.fastq.gz	36035	34023	94.4165394755099
GDS043-Pacific_S43_L001_R1_001.fastq.gz	122116	117113	95.9030757640276
GDS044-Pacific_S44_L001_R1_001.fastq.gz	281231	272373	96.8502761075415
GDS045-Pacific_S45_L001_R1_001.fastq.gz	250	164	65.6
GDS046-Pacific_S46_L001_R1_001.fastq.gz	14721	13738	93.3224645064873
GDS047-Pacific_S47_L001_R1_001.fastq.gz	9912	9502	95.863599677159
GDS048-Pacific_S48_L001_R1_001.fastq.gz	322	254	78.8819875776398
GDS049-Pacific_S49_L001_R1_001.fastq.gz	100914	94247	93.3933844659809
GDS050-Pacific_S50_L001_R1_001.fastq.gz	109379	102411	93.6294901215041
GDS051-Pacific_S51_L001_R1_001.fastq.gz	118850	113669	95.640723601178
GDS052-Pacific_S52_L001_R1_001.fastq.gz	518	359	69.3050193050193
GDS053-Pacific_S53_L001_R1_001.fastq.gz	268	181	67.5373134328358
GDS054-Pacific_S54_L001_R1_001.fastq.gz	155839	147427	94.6021214201837
GDS055-Pacific_S55_L001_R1_001.fastq.gz	151077	145118	96.0556537394838
GDS056-Pacific_S56_L001_R1_001.fastq.gz	81810	77108	94.2525363647476
GDS057-Pacific_S57_L001_R1_001.fastq.gz	211494	202278	95.6424295724701
GDS058-Pacific_S58_L001_R1_001.fastq.gz	105900	97173	91.7592067988669
GDS059-Pacific_S59_L001_R1_001.fastq.gz	64760	60126	92.8443483631872
GDS060-Pacific_S60_L001_R1_001.fastq.gz	2380	2115	88.8655462184874
GDS061-Pacific_S61_L001_R1_001.fastq.gz	114590	109712	95.7430840387468
GDS062-Pacific_S62_L001_R1_001.fastq.gz	103023	96713	93.8751540918047
GDS063-Pacific_S63_L001_R1_001.fastq.gz	146466	139817	95.4603798833859
GDS064-Pacific_S64_L001_R1_001.fastq.gz	17134	16135	94.1694875685771
GDS065-Pacific_S65_L001_R1_001.fastq.gz	3827	3030	79.174287954011
GDS066-Pacific_S66_L001_R1_001.fastq.gz	87193	79240	90.8788549539527
GDS067-Pacific_S67_L001_R1_001.fastq.gz	176586	167672	94.9520347026378
GDS068-Pacific_S68_L001_R1_001.fastq.gz	143186	136113	95.0602712555697
GDS069-Pacific_S69_L001_R1_001.fastq.gz	120033	114263	95.1929885948031
GDS070-Pacific_S70_L001_R1_001.fastq.gz	95183	88518	92.9976991689692
GDS071-Pacific_S71_L001_R1_001.fastq.gz	114764	109190	95.1430762259942
GDS072-Pacific_S72_L001_R1_001.fastq.gz	90892	85487	94.0533820358227
GDS073-Pacific_S73_L001_R1_001.fastq.gz	117323	107495	91.6231259002924
GDS074-Pacific_S74_L001_R1_001.fastq.gz	100430	94090	93.6871452753161
GDS075-Pacific_S75_L001_R1_001.fastq.gz	204	121	59.3137254901961
GDS076-Pacific_S76_L001_R1_001.fastq.gz	104073	97079	93.2797171216358
GDS077-Pacific_S77_L001_R1_001.fastq.gz	89569	85455	95.4068930098583
GDS078-Pacific_S78_L001_R1_001.fastq.gz	96320	90192	93.6378737541528
GDS079-Pacific_S79_L001_R1_001.fastq.gz	108281	102175	94.3609682215717
GDS080-Pacific_S80_L001_R1_001.fastq.gz	310	162	52.258064516129
GDS081-Pacific_S81_L001_R1_001.fastq.gz	103763	96824	93.3126451625338
GDS082-Pacific_S82_L001_R1_001.fastq.gz	115523	108288	93.7371778779983
GDS083-Pacific_S83_L001_R1_001.fastq.gz	160033	154259	96.3919941512063
GDS084-Pacific_S84_L001_R1_001.fastq.gz	83910	77501	92.3620545822906
GDS085-Pacific_S85_L001_R1_001.fastq.gz	93421	88891	95.1509831836525
GDS086-Pacific_S86_L001_R1_001.fastq.gz	99997	93782	93.7848135444063
GDS087-Pacific_S87_L001_R1_001.fastq.gz	101599	95727	94.2204155552712
GDS088-Pacific_S88_L001_R1_001.fastq.gz	83518	78636	94.1545535094231
GDS089-Pacific_S89_L001_R1_001.fastq.gz	168647	158056	93.7200187373627
GDS090-Pacific_S90_L001_R1_001.fastq.gz	1258	642	51.033386327504
GDS091-Pacific_S91_L001_R1_001.fastq.gz	208147	199630	95.9081802764393
GDS092-Pacific_S92_L001_R1_001.fastq.gz	197517	185182	93.7549679268114
GDS093-Pacific_S93_L001_R1_001.fastq.gz	215849	207000	95.9003747990493
GDS094-Pacific_S94_L001_R1_001.fastq.gz	134569	126184	93.768995831135
GDS095-Pacific_S95_L001_R1_001.fastq.gz	131330	123203	93.8117718723825
GDS096-Pacific_S97_L001_R1_001.fastq.gz	155758	146956	94.3489258978672
GDS097-Pacific_S98_L001_R1_001.fastq.gz	678	351	51.7699115044248
GDS098-Pacific_S99_L001_R1_001.fastq.gz	144310	134752	93.3767583674035
GDS099-Pacific_S100_L001_R1_001.fastq.gz	111093	105182	94.6792327149325
GDS100-Pacific_S101_L001_R1_001.fastq.gz	135944	128834	94.769905255105
GDS101-Pacific_S102_L001_R1_001.fastq.gz	107772	102382	94.9987009612886
GDS102-Pacific_S103_L001_R1_001.fastq.gz	114757	109451	95.3763169131295
GDS103-Pacific_S104_L001_R1_001.fastq.gz	130759	123189	94.210723544842
GDS104-Pacific_S105_L001_R1_001.fastq.gz	518	320	61.7760617760618
GDS105-Pacific_S106_L001_R1_001.fastq.gz	148696	140409	94.426884381557
GDS106-Pacific_S107_L001_R1_001.fastq.gz	289230	276518	95.6048819278775
GDS107-Pacific_S108_L001_R1_001.fastq.gz	210948	203430	96.436088514705
GDS108-Pacific_S109_L001_R1_001.fastq.gz	123933	117830	95.0755650230366
GDS109-Pacific_S110_L001_R1_001.fastq.gz	123570	118303	95.7376385854172
GDS110-Pacific_S111_L001_R1_001.fastq.gz	135413	129400	95.5595105344391
GDS111-Pacific_S112_L001_R1_001.fastq.gz	300	171	57
GDS112-Pacific_S113_L001_R1_001.fastq.gz	172622	165913	96.1134733695589
GDS113-Pacific_S114_L001_R1_001.fastq.gz	179814	171851	95.5715350306428
GDS114-Pacific_S115_L001_R1_001.fastq.gz	272889	265705	97.3674277819919
GDS115-Pacific_S116_L001_R1_001.fastq.gz	161788	155728	96.2543575543304
GDS116-Pacific_S117_L001_R1_001.fastq.gz	1437	1315	91.5100904662491
GDS117-Pacific_S118_L001_R1_001.fastq.gz	35703	34619	96.9638405736213
GDS118-Pacific_S119_L001_R1_001.fastq.gz	222	162	72.972972972973
GDS119-Pacific_S120_L001_R1_001.fastq.gz	140564	133267	94.8087703821747
GDS120-Pacific_S121_L001_R1_001.fastq.gz	311935	301494	96.652828313591
GDS121-Pacific_S122_L001_R1_001.fastq.gz	28139	26462	94.0402999395856
GDS122-Pacific_S123_L001_R1_001.fastq.gz	260911	252874	96.9196392639636
GDS123-Pacific_S124_L001_R1_001.fastq.gz	210851	204783	97.1221383820802
GDS124-Pacific_S125_L001_R1_001.fastq.gz	254404	246190	96.7712771811764
GDS125-Pacific_S126_L001_R1_001.fastq.gz	468	330	70.5128205128205
GDS126-Pacific_S127_L001_R1_001.fastq.gz	239668	232508	97.0125340053741
GDS127-Pacific_S128_L001_R1_001.fastq.gz	191969	183951	95.823283967724
GDS128-Pacific_S129_L001_R1_001.fastq.gz	183864	176666	96.0851498933995
GDS129-Pacific_S130_L001_R1_001.fastq.gz	134282	126113	93.9165338615749
GDS130-Pacific_S131_L001_R1_001.fastq.gz	202172	194027	95.9712522010961
GDS131-Pacific_S132_L001_R1_001.fastq.gz	101248	94560	93.3944374209861
GDS132-Pacific_S133_L001_R1_001.fastq.gz	419	279	66.5871121718377
GDSXN-pacific-001_S134_L001_R1_001.fastq.gz	14577	13392	91.8707552994443
GDSXN-pacific-002_S135_L001_R1_001.fastq.gz	241	168	69.7095435684647
GDSXN-pacific-003_S136_L001_R1_001.fastq.gz	262	170	64.8854961832061
GDSXN-pacific-004_S137_L001_R1_001.fastq.gz	1010	927	91.7821782178218
GDSXN-pacific-005_S138_L001_R1_001.fastq.gz	259	157	60.6177606177606
GDSXN-pacific-006_S139_L001_R1_001.fastq.gz	284	211	74.2957746478873
